0.03 2806.93076611081733062747 -11.95961551963625879580 3.99271027919297694098
0.04 -306.41405093715616203554 20.08733630442466733257 0.06089972231104923139
0.05 134.72943009427996230443 -0.74603151707016834848 1.40331879421712280021
0.06 120.25618787739551862614 0.28908974566205536405 0.88679431304118683244
0.07 167.33963038295374303743 -0.62369651144228011042 0.81231035956442809720
0.08 166.61208970041562338338 1.24440699517026143184 0.71226058452803897580
0.09 173.80560622858857300344 0.84659307833370345264 0.57500623945974638218
0.1 179.94478096650999532358 -0.13912308181659227557 0.51968951607408442328
0.11 186.78500976014018419846 -1.01115988368184339663 0.55529155268516916522
0.12 193.70993107663775845140 -1.43128844902489582580 0.53612771944846571159
0.13 201.42973970789029181105 -1.70026241634583819007 0.52524534619718288297
0.14 209.78555973734947315279 -1.59187424595129289884 0.54482348000996871917
0.15 218.66631206845329415955 -1.38182315895506047099 0.58727813695786323933
0.16 228.31094995742958531082 -1.59639035106193105662 0.58743100842955975338
0.17 240.01920758943933265073 -2.04091753251951502079 0.88592032536157994116
0.18 252.93133582237442169571 -2.18194960820675731838 1.22000433612059744348
0.19 267.78611525889289168845 -1.88855051209294089176 1.28505975296661567597
0.2 284.92434722867221807974 -2.91626908834979303720 1.52154144224268961239
0.21 306.47014047026090111103 -5.36748942540750029195 1.69730304458776259935
0.22 326.71573058599165051419 -5.84915127908409360202 1.81450268359373012572
0.23 334.01247086585766510325 -4.46457852819590783611 2.04931592972754472726
0.24 364.91465402835626719025 -5.79321030301786876748 2.11771106635319839029
0.25 387.09139362188159338984 -8.80512782508818681038 2.02753808890200915016
0.26 414.54952486928721100412 -9.61051308724345609846 2.25536278736859330252
0.27 439.74916832339982875055 -12.54102242119959598199 2.51602161794279055584
0.28 466.50478184106100343342 -15.74406569856686033404 2.75199025075898262571
0.29 490.93583669630265831074 -17.73082262714740409137 3.04836088576889707724
0.3 513.03349882371469448117 -19.02628942268700029672 3.41848441170816030876
0.31 529.41159763191558340623 -20.80201280510870631701 3.79455955554943713537
0.32 537.03734017605393091799 -24.78665370021020208924 4.13339366296523991195
0.33 548.22223670902576486696 -30.56705812756199946989 4.56011389594329585861
0.34 557.58845077285786828725 -35.80796861621569604495 5.15594874068534991807
0.35000000000000003 562.54014379265606748959 -41.05909100680428025498 5.96407062345944893877
0.36 566.43789497348757322470 -44.60946140312093177727 7.05377999531972221803
0.37 567.22831066763012586307 -51.16702724851412398266 8.11516285099243361856
0.38 567.71424669846919641714 -58.09330716499628977090 9.17485292362415449929
0.39 568.39589733311709096597 -64.41858174543018833447 10.23410446323015676739
0.4 569.78340482129988231463 -71.32154699781060003261 11.25328875281663343344
0.41000000000000003 572.44730329600224649766 -78.89253236051001749729 12.22217588384958730785
0.42 575.88824933516502824205 -86.80972899735250791764 13.16103517124089705703
0.43 579.01785159187920726254 -95.34369866999401210705 14.11463208577274741629
0.44 581.63341576853690639837 -104.32401747490011700847 15.13830277833296378276
0.45 583.40976215760042578040 -113.81243098949798309150 16.23821059248749776316
0.46 583.94293974739616714942 -123.86331828842210711628 17.36950531775406147972
0.47000000000000003 583.56686788571232682443 -134.53144777414854615927 18.54380549509496134419
0.48 582.66723387762692709657 -145.75422308487912914643 19.73432423096810950369
0.49 581.52538983190390808886 -157.55507463291129965910 20.91206877956821585940
