0.1 1990.35408415579559004982 92.84866976592175547012
0.2 -93.79015039040824319727 -34.54628642952623351903
0.30000000000000004 363.48987800048342933223 1.97343028225880345872
0.4 360.87844194914919171424 3.24754577084598849979
0.5 348.11425488157419749768 3.04277599215865279803
0.6000000000000001 344.16569938750785695447 3.42896325073554919527
0.7000000000000001 338.71923289282869973249 3.70621911113589419529
0.8 333.35553958307644961678 3.97424234325692538050
0.9 328.44553796768309439358 4.22725278029182049977
1.0 324.05656659881560699432 4.45300824340545631230
1.1 320.15236019523746335835 4.64990808483639028736
1.2000000000000002 316.65118904817529710272 4.82223483427107169064
1.3 313.47684830710818459920 4.97592820239878363964
1.4000000000000001 310.57288711797770019984 5.11585682902003924255
1.5 307.90011217256068221104 5.24501417300874095417
1.6 305.43067110436305711119 5.36493339919550749073
1.7000000000000002 303.14321392495543250334 5.47643514273490694677
1.8 301.01953982140889820585 5.58016932904180151809
1.9000000000000001 299.04225684707188293032 5.67680579804884644091
