0.03 8248.72840600265953980852 226.94877916411746809899 9.97983365141442391177
0.04 1028.54281357621107417799 -199.78521459989389086331 3.25682877157696282211
0.05 149.65454568706539362211 -13.73198917519630413153 1.13328467255389853108
0.06 610.01497347996394182701 5.20700918747746754889 -0.17702449034579359477
0.07 712.47544192397015194729 8.19836315179712471490 -1.13038836107198648051
0.08 702.76432137311894621234 -7.61390199265986211685 -0.28523087621137932501
0.09 678.05836647960393293033 -13.49237472438608165248 0.79820899604050765674
0.1 682.95717016159642298589 -15.39918357073834442872 3.03780687101104973635
0.11 706.30480050795688384824 -14.79170486158840702728 4.01587544068595292401
0.12 775.24443833836960493500 -23.14052592808248220990 4.92855203468907632214
0.13 774.74601173786481922434 -21.42481506804021762491 5.22364764458603048070
0.14 832.60368650305599658168 -25.11972211502661878058 4.89568915772065338388
0.15 881.40012968173653007398 -30.27157799936987458977 6.26545456287931301631
0.16 901.75880327732784280670 -44.80704291071472766816 6.36098736073279269476
0.17 921.92166747673672944074 -46.05583208447499998783 9.11989843108467113098
